100
21 17
593045940 1636058684 1445462128 116978012 1934957125 750771665 549499564 1006859993 705016338 6058440 1358284010 1912160063 97534098 1966498262 1743026452 1663469009 1449217177 780800202 1439208315 2085571818 795056559 
886867548 1465425344 1986183213 1098134136 844941830 866969305 1816753953 1718711090 493733774 1569006157 164273383 2129792458 866984638 281251395 1917265936 1617756303 830750959 
6 18
836809399 2134926291 2087449056 934343497 1953940906 1682991860 
450328858 1255674435 316308414 1889537173 1193762605 1111364974 628921073 511704301 950064539 1727055209 1356646131 1817033844 1396325515 927873574 163283970 817848024 1092146957 145592781 
7 17
2062858717 1155105317 56665663 692017350 1330394310 893475062 679459994 
1270359718 1827818559 485917252 805867931 130663769 1741591687 1122176345 2020200942 787870644 86057671 501638368 1299574946 1036122210 81209929 508737429 705672407 1477535444 
8 22
147899821 381274312 1014549158 1832732483 1754672664 929924227 840354153 1811338327 
1621941578 23264815 557329741 153917924 1293624534 237664652 639835176 2099492465 368328421 233943215 1074185162 241045716 1021813859 1160242834 742684084 173905157 48881396 823894013 682642587 754553803 153945810 2119253590 
6 16
353044255 490575691 2134578114 2107716919 1420499919 827448619 
1771571599 894957849 850713435 181417692 1048875773 2144337969 419082345 1688710949 2096346786 787410766 1922654164 1023048300 1028456482 796984375 35807486 1771140566 
18 8
447550932 1653532120 839242686 601496742 1625302062 315269219 903342373 1978346317 805844911 890436839 1938579589 78861182 1717885459 1562667540 973819031 421115246 1744085232 2022694804 
417969567 15683929 1563922105 366832705 803094696 1339092621 1389881005 1831551178 
21 17
1455208097 959482881 1510377375 1902759029 465531353 202136413 356772123 2090833416 517405633 1260114496 1921696085 1323250544 3067687 1712792026 1402111726 1720953146 1127975918 228447109 2142068392 724577503 103658265 
412554311 740261432 1667580370 779387016 1543356128 859189343 21784374 1227423659 847782691 1447472866 535148108 1807265573 810366593 290423489 125313278 1012503006 647195612 
11 24
1907310108 1990359132 705675535 1910377795 1555667510 2107787261 1483847294 536159781 188750722 1478432038 1260737284 
292408987 1890986350 2000998716 1959989357 522889718 1396871197 671695052 544674092 476811208 1519477744 1992146958 1011959316 1179259669 655029903 1302382805 1304572947 1667532910 1949578417 1373235994 1049957901 1709404877 1216111478 1755633437 1472299024 
5 15
808662670 1160455121 1904687773 139611061 273708757 
49613112 2030597411 127223826 2009602470 406003481 1524095023 533813874 950677574 2000906231 2053291618 795340884 865381899 1085067639 1450370788 20281056 
24 15
1969859473 1615392933 2020377951 1531780702 684020763 1628527740 856596078 1308316103 1196981143 1665258749 321287577 954185268 1804869810 594996334 1003798380 1687983573 722220160 865917202 2093987054 98831535 1399731077 897180980 2099737766 1305539047 
1692521865 817636017 243123039 995409005 837917073 485279978 1965829055 660292898 2100672911 1838723358 44589952 637210026 1319767451 901186031 1945526129 
11 17
119330058 1323450214 76347294 714326393 179764946 1764330867 1436546553 1045682149 1710834273 1535378089 297929578 
460531606 1487632207 1603468625 5569823 157784577 1846591664 1000978828 995701650 184387994 819324235 1655994549 137577257 510563945 1700584501 774787283 1830331396 454286884 
10 19
873248016 692159823 1375562908 949595310 1406486216 1555327855 566442529 695549122 453526356 129793155 
83443563 751455934 590324761 1571075770 207440911 595894584 1728860347 2054032576 1596873412 577078350 90936922 268713999 85589251 228514180 779277944 1786173752 1003301463 462125693 92976989 
13 12
966225005 120807404 1889801296 1915820316 1527293620 1297645503 334779197 75359094 1751171859 464572352 158802657 355144145 1054897113 
1729878428 562585056 1650791697 1311255127 469133984 1100181461 1888333477 560070907 1368895460 1973922728 788585087 689757 
18 15
462815450 1705589822 1220534131 977053837 524331179 1341341535 719371485 292667847 721151507 2017016988 627447045 796510602 1620705199 1092019397 955313259 1975849344 2146916511 537708039 
390950753 1650224560 1848963167 860084737 602922374 1589812996 1420155644 1971817834 1416252077 61257083 1972507591 881381262 1853143634 287839393 439487436 
22 16
963818615 120052004 1984264716 1256486463 841203511 1853798057 1883933508 1637714113 1327019608 828469257 445543725 1155385305 827902120 983251764 1546336058 330643033 684731283 258937147 933565407 127060632 1679092792 757899593 
1543312709 1740349875 582923537 277210323 1446009861 870762930 716697759 224720330 2135656161 1680516374 344772334 1972437230 789519189 1185975846 1678751639 525969049 
16 24
1354438307 1121750036 2013672904 34856779 2105001801 1412525314 365499812 642249436 1671462462 1299065219 769310068 1203071606 2056964813 165139129 795937833 492404702 
442349452 94464047 1363167632 1159047211 319184377 1351340146 692079938 663956712 1176293728 1481599127 1849932558 707561719 2007568177 378655221 1565849318 1214522836 1500405258 1432038575 1249379615 1457923411 697080241 1614879428 2100172847 221059055 
24 13
1424130661 675942164 887138397 72584847 1168346866 1329487850 167048894 384030851 341051413 486233271 1735370997 1033131351 1150189983 764181077 367246831 852638893 1471742796 227331360 1231294115 890108466 1441854196 584215725 174663393 543750163 
2042139136 871743635 11145943 1994828335 1092802690 777606943 569343955 369449704 1453549107 1456482353 442034551 474412326 638486555 
10 22
979537968 1095316716 446330526 2012669320 98023052 1210511603 232432503 950661945 534770751 459763863 
34472412 1424879217 1901618059 618688137 1599542611 297884574 513343625 323802598 309030518 360688313 1416605288 1086637461 930032268 1786054992 392702920 239030973 80605895 867115246 877517528 689689340 1725558423 1857055497 
22 6
1722241169 1883029109 1234916904 1954673672 686207406 1769687655 266953887 720679819 1047083225 21088298 1339367956 499142188 318972872 1852711582 822944786 628003390 65916247 92066426 1714640851 995948515 1878121419 2107343772 
1234979489 1958727314 826975370 2112497017 500933007 405050146 
11 21
429455447 1396826387 2021484525 1664372352 1204016411 560208283 1286576359 1470970298 1280888102 186175936 1492058596 
472772411 685318124 1811031469 178000345 1508262910 291551211 243916592 1600329337 2006192063 1239865107 1330967108 1966052187 327360948 1142210774 645543909 292374318 1643143781 1050594055 2114443184 1781599197 1480049503 
9 19
996938207 420318687 68324710 136030918 1891288986 1349212812 322206855 1235863934 1821985223 
1007524979 899411755 1999985568 368304242 1190962967 96418512 1968633579 1049671382 1336283620 1152117039 868239921 1663644568 146844165 1513783830 1956018886 1789987947 416894238 1922978423 1424103496 
6 24
932219923 746398300 1559599386 1000544633 882429218 1303404724 
202273797 1204636073 391785011 2024259021 64677405 1291196766 1876760941 432981647 334676085 1973179454 254131578 1384347467 1161979426 1406248617 105103740 678140346 1553092782 1618887571 486675585 1195597081 2035781809 262170360 472216930 1785241902 
24 18
384156554 813566797 257497838 1266585772 2116971522 459771635 323738198 361272885 336547008 388415603 1652469651 65824302 821397250 1987145737 2039003756 1075528828 1224009556 1053499534 334293797 1329113297 1731639880 1887386579 800517220 70831817 
935500013 688815381 333002177 1407716943 326573635 1734453236 664670148 710730189 400536386 922167986 1977315961 370024260 1381939621 153570511 731297145 1718486630 541986114 236283148 
17 9
75945237 1675831040 291428544 1299954794 581846926 625722341 481584443 166003158 365625273 1282101663 236834976 1301125286 1970917044 569837153 561358581 150007031 156806742 
1226028729 860737220 557343128 713067 690569533 927367388 1382652688 844140045 1658664533 
15 24
1894947681 590482954 602025876 1970892919 118830346 893454420 1123364065 700677272 1519176762 1604948508 866680431 1884802035 739566523 1103515407 1038443673 
562999919 1673352560 1599802254 713006950 1830159302 678347335 1573744170 240018782 679060402 116830055 1167386170 2061713090 960970100 678567055 867885113 199612612 426031089 1458368067 801638488 249440360 1577198414 1695092908 1372804425 130392038 
7 10
997072469 804104409 1569835808 2100587876 1842548082 2132835727 1626456789 
1294866688 698359029 1309132443 1973214023 124619551 1549151226 504790777 241449606 569053748 419020220 
12 9
1286905333 1402032319 1673651893 597789752 56187159 1923092253 27504518 1751280067 1148413030 157896557 670582442 1978682315 
1154969026 1474686851 1401034475 1108073255 1169751286 1386386554 587046396 317134326 2084745583 
24 7
61881486 1297846417 647655479 303331092 1866900166 1066675699 1505750799 967037322 206097384 760299470 493205567 803887137 816486629 268814172 831391655 420283049 1417227202 989288212 1090865491 1248425869 2144257239 418068694 501976696 1104846846 
1587819980 1888363250 1691893242 1904954307 1825625185 1440588433 2047819009 
16 8
547990840 43354115 310367721 1614666540 1549104915 1277405043 1820763924 161920737 1770610610 477167413 978407367 2039424782 1308559069 1398690416 1309168336 150363633 
342072259 410110557 147137224 760140953 912087253 1251984070 200477286 652966855 
9 18
331108392 89498450 2005766954 71131415 680449653 406274146 114485530 990817374 2020940686 
1663590445 120738769 1694220963 1825511183 1891349379 23904728 656434902 1783290513 1332463797 2055125318 944975201 1482827431 249713929 1355085758 1629964655 1009854882 119689363 734465078 
13 23
1530858742 1168280113 1103764610 1620357192 1026563419 1174896025 153323197 1432837566 1289381555 1144140571 1306294604 805488353 1264879340 
853031919 483515888 1008745071 876936648 1139950790 644551936 61916797 1047592460 1589527137 1544744228 1297306389 797129247 1027225236 159677623 916818610 1761690314 1370009792 1689474828 1145065408 390806257 645755790 617938953 1417369677 
20 15
702723595 962549723 1915402722 2009018199 1768038076 1032798414 714566471 104070316 2041543486 1591503119 1244021106 538611774 1653419916 144129918 2128138912 1050680497 1441436307 777784511 2077905733 1601113930 
1694603122 1692112399 823640074 1236594302 689694159 1214446332 1882350093 1307633112 484332361 1555518260 2078895263 1187055956 370584335 1846814337 1048590507 
16 8
1763156978 95209079 626188941 1207176449 1339230185 1164800716 713112718 1483360103 1145455980 1763793215 777312762 1923240491 1694215300 230943045 1470359965 1238844051 
1054583119 559470620 1928538210 121545803 294337065 1088687675 605878164 1849855325 
15 5
72956013 719429979 694040980 64094776 1451559082 309714310 159303856 2077748024 1516890760 1498534041 1095065092 82519830 834410497 93037424 1846313045 
1611723259 2016277915 1393044697 1842666304 1339154233 
5 21
1898624853 265459662 871311579 45478270 1354147337 
1477189744 1895333595 226762979 1122640216 1968289608 946192958 1816681196 2032384385 250268393 2126395507 44204593 180532769 1495802619 1542738634 1275597861 1578322449 229665483 1368635285 1277151846 1841388743 1237429552 
20 24
429100137 1007117995 138853527 180241342 1272577657 1010165107 225719612 479241347 339871203 2121053208 706004326 1462511419 1941859168 1652197285 1131708968 1826759905 1902465678 1110620827 1870964498 2082998447 
458939798 1266219485 1211112660 2037262247 1495884968 432264297 1166930445 1189790063 1669693849 1689643340 578877815 2098793987 549277687 717731342 131551681 1821855344 1727896449 357271294 153613043 2067767652 330840854 859617370 1382795424 125216374 
12 9
1951976280 119313037 1477641571 1675457130 54827836 1936581369 794192967 1265940496 1826359968 142594288 1698204793 845806765 
1332384351 1220414994 387966457 1911262166 1171725333 937244144 481509861 1303277015 611615840 
7 14
765228884 2129690315 1991389163 1624846254 1365002091 2116605537 1989177261 
1732022835 1921098169 2108490298 1062180758 1449071652 15834486 851278479 95780971 1281774982 530154799 238375259 832496127 1375961564 1570759611 
6 6
1334538129 1077152807 553688517 1816047990 232946174 1165304357 
1877970653 1893494483 1930533241 1860177320 1737399998 1407895847 
8 12
1249589460 662234950 1480136409 1210596110 1724415708 781724413 1226430596 428210539 
877505384 360721930 958365338 1115880644 1193218057 186843254 539156607 1098645531 1950771275 1873694736 28314690 356976144 
24 9
1522280501 1272746084 7271699 1305330095 985439756 1744671697 565742294 2063135519 1303709936 1815331755 577886821 636362697 878444217 154818881 1418087110 2104874814 583029420 148108847 318113096 1541394758 1263989491 1511331154 1728238012 1803146098 
462493037 1531525639 1529357186 490807727 1888501783 924132617 752068591 1263298636 49395053 
15 8
1034834809 356528339 986887378 950486680 1660238275 654735485 1528373501 149117325 1533179702 1683192382 1567204435 1490570868 118738154 1715313282 1808683965 
1660132912 831819125 1172531471 1240887276 487481575 1635024508 624929267 2016838762 
20 7
793487731 730417178 1629246039 842882785 1489757468 2050391122 1877717594 1846285807 889794852 680720627 1359040434 1544530337 61610480 1508157759 930226392 1744802863 927878547 273313612 1863541017 495708181 
2081997577 1376190282 1327527307 1107045400 469593910 1815008882 594586260 
23 21
572934847 1460470580 330368080 1303352025 942232971 1173250865 645625845 845140446 903484811 344428004 1734935298 1584205438 1703468439 1131981988 1645815919 1064142550 2062208380 1243135134 1992021097 188038344 959192503 340245631 122552274 
187899137 1667772938 1229597674 657493048 1335298172 1824183935 1752016226 872178521 249635134 1065003158 1202546601 1552987160 2007236130 228313818 51129357 704892928 1131798629 395557362 292344578 568520420 2099025801 
11 16
1015684703 1339051298 1309987825 860222153 1527089643 121696680 1200467784 1649641917 309595818 720757074 731755943 
967088866 2056055246 408456230 571621444 780750119 658091365 1636624602 1983296720 63594877 1496377084 64126890 114724234 53786364 1195925520 510281596 346130943 
5 14
1770457509 1831298631 1477508453 962025160 993802808 
190246958 341631155 1115499488 1390714742 1991273072 1425095306 2111471816 575545367 244700524 2020043414 984001598 816321968 653309886 1642092963 
8 23
1705687840 1801840007 553249849 1820412074 1855626372 1749175369 183210023 54273667 
1366137661 645033772 1824731176 1049952644 2122542225 639272688 2043755452 165305535 980903843 1011771292 1556020277 824693267 289382951 1520008445 1400238635 534083475 1392568212 236756585 1350405444 2045878098 1878849548 1655868367 387517408 
5 11
940767257 1109982166 1018367450 542458978 1293192189 
1072641117 1908596639 1938225962 749888646 811065635 1913284539 1389161334 707337439 2078590075 222581530 1719108732 
9 22
2008491683 859651502 300029784 395091510 104736066 536786369 1745496954 3130516 268152269 
1253881673 390647924 1705206009 416622752 1331415182 667704528 1434990202 1873874160 1960896717 360147672 1634987152 1751639031 1110036318 298569139 1517439923 351714004 1005906579 1448546350 574295534 577531663 788189406 1621570332 
23 13
1921600116 833631208 1752576974 310902838 431644515 1755707490 579055107 1685526188 2146355415 136777469 2102148940 1330286949 804481997 1389655495 1056677461 617895066 1749803167 544180965 222050450 712355837 842750105 1739490373 1064069841 
1848656684 1040553075 1638365376 278704699 1828742481 1112452060 717244397 1329099742 886568528 1550875605 934193068 1197471366 1982520120 
16 19
1520562661 541288678 1913303943 1475227953 1871575627 570302292 717399800 780769440 1188197358 319719319 1324950406 1410247808 1032075156 20216863 1002254533 2096144998 
1868873547 2042807608 1587026726 94598 1724066442 551995138 717338995 905682536 1438563666 120730952 1839875604 488551385 2103251073 234808867 117594211 1476330086 776097545 2030898154 804074391 
9 23
1521474192 1280958965 1641914156 1841193511 458425723 904678317 725785020 478642586 1906932850 
674446370 200032485 1802256811 113989448 200127083 1378839605 665984586 917466078 137038493 2104548252 1038197030 1976914097 445615989 993964455 64239317 563210200 322810893 840336862 446624706 1126885285 1340526387 900341504 500875829 
9 18
194585692 932427427 1299450330 920370712 1411070013 1058899532 1594817082 1611102498 713672695 
1708806530 1811229581 2092512300 227307468 581212011 82067145 184372073 1619409041 2058981243 629988062 465889849 2123220560 1193198263 788700742 816073774 1639822969 1915586027 9116513 
11 13
483118217 787452839 463563901 1415545644 2086903169 1383934613 679132009 998319053 831268048 142750859 1711991749 
392590930 1953980440 1657020401 619898399 387708803 1739087547 804270472 2007117845 1650585142 1434258534 325524046 1626322054 479973149 
13 5
2119796119 882327168 304028694 364993297 1151305376 787146911 1152446136 1614869277 55208908 1091865657 851320243 734340917 2090184710 
1682588291 877091777 1654692811 2075179221 683588569 
10 17
1071297373 755833464 1351864444 930931570 258934958 638639331 1256455616 1885257012 1118612480 223196756 
32685544 1090924951 1105523924 336714238 1455918248 109345653 1123861150 460880736 1724214930 1179070058 1552746393 428051525 1913410975 1495447456 2110639816 643019104 1002656619 
15 19
19402536 438445714 250421399 775236000 1790310159 1181352969 1034170958 281465842 290324937 771944322 1400078322 513521693 804629867 343519626 1619045618 
1141344105 1799437874 1728391271 117721607 112834963 1305122553 1296791665 1665581356 1733174079 1062718993 1013545164 1696330247 1705738097 2016201784 1587181989 884862123 2035604320 2025627704 1135283522 
18 20
169152843 1697527631 1949920057 459477780 321988306 1202514731 972999474 1126618173 1546034357 444561444 120478630 1197988584 25469067 238200238 1310823547 1330591620 1534991903 828921255 
916282051 450227248 1842466420 465128651 8481698 1711184556 2052310640 893343821 1599305228 1930454696 2028627344 115178253 1451425263 50296539 1812705885 1253861672 509774320 2134694191 308892756 1482773794 
21 18
1927335238 1234307346 905432049 1952804305 1472507584 68771948 1135912277 860015840 897693204 2052194329 1310243088 592675976 369839332 1318724786 156376884 274666324 64584960 1755682112 57637373 2093212304 1870860366 
1509062636 2143508843 1536082603 615440661 505799515 1523293146 924333417 1988573309 489638214 631776882 1768424899 1723945560 1537208932 1573745556 1048969497 1605980880 562174186 1908985337 
21 12
1071744777 948866412 836724199 242985916 1105243296 1111390523 307570876 713441761 1169027896 253299532 436818479 530606885 249324727 1972901082 1146047546 755124243 1348710580 2070380963 596213904 1838348794 554674197 
217155156 1414810706 2091883129 1790900712 316296555 1550380362 205591250 77798244 1906570798 672476117 1149543022 707953563 
21 23
1813196859 473107192 1700099814 379154972 1642135088 1953399346 815973451 25258325 55240425 641390885 1171305871 810364668 1990101465 1094203186 1406578573 1680966611 1648877384 1623733729 948293670 1593276865 1267150793 
1264590225 996173579 1472742044 1342388470 755260730 2145218161 344447844 1463214293 1506934830 1736976782 1128927504 1980042022 1289592948 1508082477 1474693462 1095508646 176572280 1499951788 1150749071 817963166 523774011 1961113740 660580983 
23 10
194063947 1119370934 696458746 1142357617 565164151 1963609539 259464194 1561337731 1288867935 1601852664 169114813 1286602449 1946300508 1632329106 646053631 1535793642 613772962 478612005 677902942 2121855439 1953305467 1773411588 150944072 
1305773607 776677012 968907238 1829547619 590307104 1629488221 1300041169 1810515769 1823552168 271928455 
12 22
837092606 175616758 1077890332 250946689 1464484694 532259348 420061502 603603495 331076209 2052390608 1249657126 1866869851 
518679923 1728269131 397289146 493051714 1534090950 23217086 643995786 692380910 799894098 1612903024 374444881 1390201202 1094907598 1674486050 1053233323 770976118 1946414505 1412724190 1589402256 636023463 1588340949 519808940 
18 20
1052068288 1307031655 1508945490 1383144497 1211938616 611118968 1102530701 1730618539 191904451 1499819847 76186605 1725995401 1523036933 720182392 270892663 175447384 185601768 645337544 
1565648586 1280509366 172339946 471398262 2051485485 2118754451 1884122452 1493404093 607294267 1324979753 2013213033 1494264420 82838100 917797673 653812427 1591783590 153458523 1865751043 55418910 1255989224 
19 6
608325423 1525072540 1973318763 2131362356 97771284 96727778 159326092 283373052 742065323 1724974679 1563882419 914405269 48889293 1467884256 885676073 1933011745 813804701 1492970340 1110507851 
679534086 839751112 1193345951 1597331759 1493563539 637645894 
7 20
693064804 859295858 513233221 940388166 1467621281 2038305761 766223281 
1451499990 2136077045 862951059 1610826082 271966450 1605016382 1188317113 1835848869 371938004 1237206406 1156249477 1257614077 1022734504 1970054178 603100769 2133242355 502104616 1442851881 1179104658 2099436375 
17 17
1702743010 2000762707 362331709 414555220 366512281 1302719875 1882176502 257334394 2068943156 1186192844 245927792 784410567 649535278 517894242 241943302 1837852392 206259463 
613881306 927575150 1362508940 1871495383 1950309654 1185079470 327112504 1936068361 1687184086 1769964385 967689372 1639136813 411412509 636956276 1194396175 264691569 999287985 
21 15
154524212 1343644250 888538244 75983720 382353446 1134466036 860394288 1031888724 1652360278 1102337590 722257468 1858619741 1716218896 1649832619 1073645033 1440230631 1452658625 111240855 1767343135 1241243339 1798424941 
1389823872 61449063 1290078107 1801236381 698405339 336990634 2065927950 1697693325 1945942030 549648152 1852217537 1142102632 1438186397 1928201258 1524456078 
10 23
408861155 2077529064 1743449488 1131118623 1788665157 1312184736 633467594 714826543 604931719 2086126220 
826067398 224791206 1179885911 477008692 1614615078 1241334974 1767086799 1268367811 1939740313 2104077433 1186812114 1489949990 1902535816 1736460266 1194683880 897154800 1027163015 975401490 274127231 1452331801 1616513388 682988386 1382377217 
13 14
1023558726 377180316 300090956 1738385269 982112035 238733528 416969020 1206903241 1418619439 893977712 674034671 512470765 513580863 
1942402482 304727430 470174648 981730948 1794677421 225226816 570707567 841877653 1122381617 1597870582 1817279143 1396508848 902718735 1286308883 
19 9
351304463 1746120595 1161171031 728484779 2046211551 752072652 1710596814 137461431 1169041672 770016407 1556080870 2063019384 1444051078 2068551635 429116599 1238969912 225795418 899291248 73217213 
2020472839 1124518064 643924780 714866844 99416033 94311714 384662339 1495924881 997030450 
7 12
1134642754 2022275685 1026575415 148330137 603276816 925303318 900402790 
166389982 1062764750 2069444462 936406389 471361972 1984980199 232973819 392429960 266613150 1471943731 618225378 1165904398 
9 14
142938815 41602076 1206081413 242354848 135913791 1590743752 1738279730 1132944241 1114231326 
1018734549 120103347 989023363 2045309964 268433485 1592300179 823129635 1168836275 1758690161 1885894385 1090797089 547612902 209772709 928293640 
6 14
1194906791 105046804 1220428047 213327541 1650207749 1711642616 
356266356 1691809825 770240381 598621205 1827723616 213500485 189417287 813184209 1327731811 1208151836 933287557 169271526 1105978153 1201721042 
10 13
223073669 1372778218 1667518525 1313870758 1920391120 1877291234 94680751 553494193 332010256 1289587542 
658540998 1552438303 1502915083 161265099 1116597272 1859181440 1853074924 1886837653 310318997 1533314893 2100338139 499736284 199015454 
7 5
1132303011 1449857829 666382625 186540405 1063945886 448006765 409614074 
289240457 2115525290 1723484833 62147929 1845332877 
9 8
29859485 960269478 1274183121 1582297788 315700913 1435448220 551411412 27398705 1141039496 
290765418 337717702 526870741 243619909 837453986 725886196 1524206211 397858459 
12 17
1064241084 2044729613 1890526279 1512247850 306860039 32283088 1480289492 2030344872 94431017 1178138721 1701026808 710073140 
1207998206 513812638 1984256261 642812347 829513552 1272220833 1194223759 856912257 265776682 1484989177 1194629960 792647423 1728609086 2032083946 1518533619 1105331650 282458757 
24 7
1346699842 1126485144 1674954673 711464044 1433345183 1707237761 44269888 1316206408 1801668779 1222408610 869749568 364258271 282923168 1383562207 201030885 925735515 65592111 1473251718 2119959275 922504368 1739028400 1457464804 2117134328 384192176 
1038590243 2001734627 1902725795 2143921893 136709736 984481326 1928350287 
23 15
1455821313 47389974 1396828006 1015575426 91659863 565550766 669760557 1314068473 1435300334 1034018829 1596991641 671378893 1235049714 375243509 736971004 560817784 347719136 1659475373 152362537 1805183940 1629126053 536554713 696290535 
1483377032 291796860 692728780 1620086769 1276278187 473595420 956012699 1239761009 1929416733 1003402674 489105367 797508511 1095062537 1054656133 1467269069 
7 5
353804250 1858639003 1013851713 1588853964 86398864 1750822718 2188100 
434118000 1262814443 154550637 91818293 744456848 
15 13
80350233 982902211 1480837609 1700437002 111696750 1954433029 508966053 1351457759 1736366114 1512368727 1840563127 386390977 459947616 747735612 1853660046 
721594978 1090208432 59980648 432750334 2104060146 1648834612 519149198 1707399216 1651022713 953267199 822730011 1805573350 1045085492 
24 18
1833194320 1647537092 1332097264 1166548281 1200490446 1443794014 973497662 1709456500 647768125 562380128 1074341579 340847604 948771106 1534289196 1088583217 654947504 108400526 31308001 714928153 541150860 2135368147 216279117 1060300059 1695283715 
1867301830 2013567258 370530078 1525391533 911169102 1937716938 1874586586 596879774 1437770382 1059200202 1763428056 490777181 355510568 589442070 52750033 1003278693 1151822199 1127091612 
23 10
513897160 285225867 608057161 622297687 316533868 1322985314 1163448547 304418368 1539264432 76264958 1999702083 1259082614 2089832216 222748514 636990499 853517670 12981804 364093437 1450397445 1450752186 1423293639 1066341853 1941529367 
1778804207 1655783923 1994279400 634599253 660122474 973887365 1978725551 613232131 1487784525 116467770 
18 17
433001638 396790959 1126047112 737420006 1936055391 1202312070 589638442 1047654358 1144660639 812386956 1684644857 1998178309 825368760 2048738295 1301092106 128637298 1324548286 219950311 
2070166666 955868846 1875734235 1916962418 1590468099 388373061 743366135 1421710002 1001605193 83667013 1538177772 75410838 46265577 1971179410 472201797 1172312689 561115769 
6 17
1150754211 1308427899 1371801751 1963141167 845589108 1222496412 
641026279 746843755 376104871 769663577 2071392042 596055182 692346595 879777240 324305769 461825366 322761691 712678831 1205191501 1744471693 1714284024 1288858514 1135165817 
7 17
958861579 114413011 359953133 1519977348 375186552 587094245 523247911 
1683614451 1958895996 338905430 381719912 1033908761 979931709 1128563667 1410013632 1749595287 1052472061 2006068814 294458234 1932249301 182890936 756283600 107527344 895569767 
7 22
462370143 1102849968 839681206 104581357 290490412 1798542786 218994368 
650443546 1171036486 594180921 1237537791 1694284398 130311724 1048950140 2033189828 512031636 2082858901 865637890 1640595304 1345388885 467749529 545583717 1203974051 762207763 330349371 1386864987 1518491364 437876715 134951106 
23 10
597321249 287849138 982073311 701902606 578339551 633132449 920896975 1228783097 1804168936 1515077896 318837240 1350969686 1645389620 1367787380 1236675866 9937609 1303162633 2102313756 1650532913 501067870 422579637 48632982 1705041922 
1184787401 378982353 944423261 555795117 816859069 1079374368 1888277935 959251174 1676695617 28643425 
10 21
606982976 426973287 1152011551 1835766073 83658575 519605799 7119666 1434628261 17511771 1374907046 
523820479 27449380 530586032 478650588 1677982293 1031653902 901230225 1726615276 589212176 2086017626 2105597629 1533635438 494329095 774973050 465526158 235123382 1734224224 2142221775 263766808 1528065062 225852703 
9 14
1377864254 559032210 2038696924 1897470053 566151876 1325841537 1914981825 1941058922 1849662016 
1942431205 324161306 180828956 1472929851 1355815209 1082059182 1052061479 1945027385 1020593160 1010175460 1331179175 1514922256 1785148511 1796705333 
23 12
1791443461 2013812446 752470501 2017296164 737078583 560025202 1247676771 1296110793 451238478 997663176 1862262669 1777080015 765161353 1655837943 1479258384 560108911 1979999250 1660087340 2033038762 1188330811 594662874 937616593 985874548 
1615256035 1947792053 169570076 982694643 1585456916 1966275409 585256633 809862356 1610235222 451585432 1562332857 1480047739 
20 5
580240862 337291160 426112890 1577904038 52070181 55709258 195581744 1707908124 1534967642 755690655 1540423726 1047571334 641245769 581270889 1642234209 1578862362 1567145438 1110006596 1379170767 1736715514 
2092701239 817144036 1555507275 530474224 1627006392 
15 21
1041855601 350822941 23240023 1016730013 931063803 360531183 1442842904 361484193 412601364 1498552162 557065937 2120509489 886036156 1312756592 1513449567 
1933607490 1954002361 2094720457 1428358051 1385381075 1514382247 390880999 617068195 1103614113 336098590 1434212231 511637740 866572815 913734975 1529896590 1848632471 1955590576 1880719531 1871872495 824836942 664299686 
15 23
1025783880 497521395 1618748360 1582849817 470547236 357300868 748122762 1983996803 143424710 554641475 1931233612 1571782762 1940022551 1298132211 1962663761 
409607098 254262676 151278704 1843819329 765900417 1017851519 610070656 148313359 719000342 418177584 2029032891 443389189 1243014526 545848929 528309220 1363210724 1571632809 1025830615 834475436 1006998979 1496377851 1191776304 1755121741 
11 20
162279568 1116640971 759500129 2102302119 267289534 574680242 364425569 521552211 725958946 60761250 1287452628 
1743810465 670831906 1435765987 315327160 1089009491 1317315230 758716349 184540369 1863164160 1287025569 1547751094 1287313321 165372536 234742882 146828652 1661750387 1426519187 1901950393 847157746 614236554 
7 22
1373736683 2019048433 83604603 1948416925 235990355 605156814 526892224 
296751605 1892609442 123219041 967583512 1180891782 438546201 2056593003 350723364 1197262551 93649724 66403876 336804472 1641400818 1353717198 502177009 1876143701 1500545850 16443748 1155179240 1255012596 863601494 1769415794 
15 8
995668829 1043323695 763521167 796602106 1279314050 1368677981 1323494330 1576065656 1113803776 1446713372 396165520 147211910 1885259573 305274875 497935274 
935038476 398924599 564339151 1271842949 2040325418 1918056349 1774019958 1768985471 
16 11
776681063 378647499 506581553 398613209 1550406409 1186498116 1394282038 446246457 1950019283 43400496 1725560507 1171213617 1366894827 1154142515 137533745 666124551 
1550308035 284745655 403900476 1855582910 782680929 1338938953 107023862 1347020080 463298254 2147349280 1117592781 
9 8
241227685 1880298270 398048518 619875184 239396175 796661727 22797946 1425894292 43460117 
469044403 1228429927 86860613 47121262 252159896 1453755440 1201263778 389693641 
