2
1
100 1000
0 619 644
1 501 726
2 417 884
3 731 876
4 349 580
5 820 276
6 297 331
7 328 518
8 311 533
9 758 145
10 15 55
11 524 252
12 412 244
13 877 493
14 789 613
15 256 59
16 784 759
17 642 108
18 335 552
19 483 373
20 1000 684
21 366 654
22 524 649
23 181 693
24 189 834
25 889 939
26 542 555
27 799 764
28 608 953
29 917 675
30 85 749
31 507 524
32 632 220
33 123 149
34 873 318
35 1 957
36 963 224
37 872 366
38 410 486
39 319 405
40 695 599
41 153 207
42 322 236
43 541 951
44 978 930
45 30 457
46 981 414
47 986 536
48 36 964
49 281 108
50 417 908
51 484 634
52 351 379
53 864 707
54 111 761
55 711 182
56 741 805
57 41 863
58 166 414
59 695 933
60 389 495
61 908 724
62 260 721
63 684 893
64 353 647
65 555 965
66 950 121
67 499 390
68 96 300
69 60 714
70 247 207
71 363 770
72 985 339
73 753 403
74 687 502
75 996 447
76 523 76
77 796 903
78 148 782
79 780 832
80 148 852
81 324 334
82 75 97
83 396 822
84 887 171
85 377 808
86 929 485
87 824 91
88 846 265
89 766 928
90 726 532
91 607 761
92 16 248
93 381 755
94 938 163
95 366 161
96 846 85
97 181 689
98 862 921
99 443 928
1
100 1000
0 87 100
1 584 819
2 261 16
3 280 759
4 686 106
5 638 398
6 158 412
7 11 596
8 702 173
9 687 392
10 904 639
11 723 404
12 92 749
13 21 255
14 535 305
15 404 463
16 633 621
17 988 340
18 98 894
19 999 268
20 17 784
21 547 636
22 584 174
23 699 557
24 300 285
25 924 737
26 141 203
27 952 646
28 253 584
29 889 972
30 435 787
31 407 644
32 983 67
33 960 395
34 14 433
35 216 311
36 946 30
37 555 114
38 670 881
39 166 253
40 990 970
41 172 89
42 86 482
43 65 475
44 447 338
45 124 305
46 301 233
47 299 883
48 629 635
49 67 611
50 921 642
51 23 634
52 747 218
53 99 929
54 182 417
55 738 616
56 704 523
57 4 909
58 384 789
59 479 420
60 725 182
61 414 954
62 836 25
63 659 64
64 26 464
65 457 726
66 711 298
67 868 831
68 760 458
69 874 318
70 933 293
71 815 963
72 871 636
73 776 170
74 589 606
75 139 254
76 560 665
77 41 552
78 968 395
79 211 700
80 777 993
81 643 667
82 498 487
83 296 510
84 827 609
85 901 169
86 131 759
87 746 715
88 236 354
89 311 873
90 479 176
91 841 450
92 353 38
93 784 881
94 932 672
95 17 994
96 13 60
97 899 659
98 168 862
99 470 194
