50
630565317184604 7
943696068824979 18
585007862586431 7
482356964306269 14
323623351361538 12
320353174617501 20
538429092659676 15
111668640585242 5
548238117653393 6
484079780777841 2
637126494993093 20
352754268305125 8
642648828035499 10
361298857945008 4
636647580416672 4
596224399281432 17
48183534616128 9
610020059728278 17
39786490950326 10
963925529962944 12
876706445511417 12
611639901069053 3
859610176632114 9
687069145603932 11
209033044339569 7
345853607485928 20
929964289471778 15
60182421371950 16
968374181286085 8
199560926011853 15
46866173556259 4
325903881445672 6
836945506493519 5
539423215585456 20
138618572121124 5
950848263031518 6
417659468238211 9
68544212164852 9
903684782353541 14
290977243059671 7
342706975281129 16
972959452174739 20
454457773020369 13
562559837580570 17
360479396736599 8
942239378622532 9
72430245453575 3
911038487338685 20
437604706761463 7
529405372588831 15