50
10
61005 22278
90713 44929
4084 18368
47285 21110
41038 82647
73675 28305
88151 15169
10336 61994
87792 62859
1154 10082
10
68991 18885
95330 48410
90903 61977
6423 83634
23939 11405
40460 22770
71511 31173
67700 75595
87368 14984
96705 28405
10
35458 8205
94538 23608
23375 4873
23428 11166
5558 24582
59076 74549
81294 54405
60786 72197
54208 5035
93657 15974
10
54267 34117
38744 25777
3116 44270
1372 90484
97082 35903
56716 32539
44109 89080
56147 5310
93953 79575
16476 99511
10
41983 13378
11885 61103
5610 10497
33299 59818
15532 26956
75792 69800
98900 52363
95577 2015
34459 34775
30325 31540
10
70679 87041
1905 52614
76120 58052
57924 7898
75453 74400
45235 55262
25605 94948
54192 31215
5444 87491
28859 20977
10
52273 42478
90777 51172
32667 24179
91014 67126
58955 21339
98667 67460
46206 571
20073 60153
96451 77997
68051 9729
10
90223 51113
2818 53654
46060 57010
84869 51504
82327 13728
10307 72427
94033 1083
61425 26699
63090 52439
93825 59871
10
73778 30317
27330 57810
68716 85230
17962 2992
1052 23840
50548 91275
74953 53366
44929 58839
48202 67624
10342 30529
10
19178 20650
40782 13210
59560 2206
77736 60476
54645 71561
20346 66249
39704 85503
24059 8419
70732 42021
49238 71784
10
3687 99787
885 78640
53152 83641
37478 1354
51264 85648
69710 8269
44124 10491
59306 41510
12697 37042
1986 5169
10
46429 60159
71418 23959
45662 33303
32379 54220
13151 19443
63831 16838
19229 64716
33305 72382
86183 70783
11562 75273
10
94257 19098
83542 38380
67416 80675
17717 80113
17716 57530
23108 1971
17688 32353
25930 1176
65656 96136
93224 78807
10
15579 57054
33472 34808
59596 66777
45016 83605
75386 94405
58877 69643
13502 80246
45849 80918
60920 63566
98858 16462
10
58922 21965
56260 14437
54318 82190
15613 57801
78326 46663
36607 31731
41543 7905
66539 38965
74682 49382
22569 50068
10
43786 81447
19710 57289
99519 3385
76033 98265
4778 74890
52553 63700
96856 8812
78137 89000
91002 31577
46800 7153
10
78240 21234
38884 57610
29139 43250
96575 3821
92632 19144
91716 36417
38417 49252
31532 37935
52637 7565
74026 57415
10
82455 26578
21115 17136
73217 37078
6136 2044
68655 90763
9198 84722
49823 85909
42331 78963
66985 38905
20610 59616
10
58049 50152
33860 96466
99404 65392
72227 52040
72957 84079
9455 93239
10656 68397
10374 21699
5474 54337
23744 11956
10
82927 32942
96678 32749
56677 39008
49538 23662
15739 7974
21104 73789
58126 54964
8080 57529
20356 18134
9569 31139
10
2212 56851
24377 50696
63074 72579
72395 6374
26915 96139
18330 9841
66907 15007
80418 23584
91842 29955
47246 7581
10
37930 6176
19196 96056
61141 65103
91412 19323
83237 38807
50462 23276
33484 74840
11798 96558
47418 84193
2931 12159
10
18158 59089
59828 85065
11922 40245
46475 41591
8026 31547
86999 45956
37724 6194
79839 98865
9123 71250
18187 92361
10
47883 68649
53463 81367
81315 65261
15750 66559
87280 56508
16545 5437
15596 76373
90503 27519
54444 36977
69110 62470
10
6351 93935
46253 44075
128 63918
42939 9251
72994 98953
39438 20876
5427 30727
2242 86743
95988 17992
91128 83268
10
74500 7672
88705 90097
21871 17033
55442 14141
91838 62378
76612 98189
56312 60691
42263 94267
24608 23028
41344 97602
10
21980 80783
18477 27407
11509 20719
51976 45324
76538 80931
28591 51037
26429 55122
78960 48301
9982 72228
62442 1819
10
72432 76880
37834 28743
37570 17923
60836 62178
78778 2180
97606 757
20789 16082
65991 70125
74628 55794
15448 51165
10
36724 81866
40029 979
74815 56815
49280 84797
29043 49549
24442 1474
64255 102
68045 1825
18025 28880
1829 96803
10
68887 37262
35386 89676
53344 39203
97628 65799
94997 13075
54790 69547
32768 94819
70527 7582
51634 57633
30205 18503
10
45008 92474
57804 9263
92576 25848
48915 10600
92556 88571
45229 61442
25832 80615
88945 17003
19817 86572
82802 52641
10
37473 75418
60014 8067
70237 68367
53476 59697
63827 83681
16026 46661
76154 73830
55924 68729
37505 42665
17155 30060
10
69063 62384
29328 94895
42998 56099
49724 642
42670 70352
91110 17970
45770 88950
63864 53833
57317 17340
51356 58970
10
1020 67382
5630 15001
41211 99382
21556 78716
42046 38712
46602 11108
38922 75931
43830 19747
32029 31380
20389 12526
10
1732 49325
68323 47502
38274 32186
39161 95591
49526 90517
54560 88374
57898 98018
41201 36935
97399 62757
53478 77271
10
39295 79
26206 78218
13836 7862
97965 45866
39242 56180
96219 40974
5504 2367
26302 81605
34553 3289
77196 21906
10
93806 69582
48106 89530
5425 89307
26465 2823
89890 79943
80095 67012
80022 6300
83056 93859
14162 18846
77551 91231
10
75026 11595
32205 18356
13962 96334
99961 86342
99624 14982
46074 31255
22391 94180
20785 27816
21312 47250
68467 49029
10
27192 48561
16040 45040
92688 36922
76725 44676
55768 54275
35906 30793
65870 5937
86976 17658
40098 24762
4000 77548
10
39745 50074
8802 99963
44254 29587
65605 3392
14663 34071
52421 79682
20458 6287
24722 13145
43209 1446
95648 98977
10
55722 31554
67596 59418
75318 54571
77077 15415
79334 81077
92963 56905
68977 1765
94694 13230
69179 60298
54450 83843
10
94370 6870
63524 14827
13158 88246
65800 56367
27519 61447
93171 21067
30827 60766
80485 6145
53164 95388
21560 70324
10
14290 14523
65055 83268
16288 59748
34324 23293
20045 88774
7135 14414
33471 70660
67069 84456
96732 32868
78649 24250
10
32141 71819
83144 62969
32585 1455
69114 23575
96843 90674
93899 48960
5196 58953
32227 59311
18700 4377
82605 76572
10
30978 27566
28813 64449
98226 95882
48904 32784
66576 27552
94861 36543
99372 78005
99512 69783
79460 68625
31184 14128
10
97126 25082
63088 40148
21861 95315
99460 78388
37519 19890
54959 68497
47456 83772
32945 83509
17479 81849
54119 21881
10
47227 48979
58425 84425
26983 95763
92034 44269
64388 23217
58398 61513
86126 21485
39487 7986
54627 38946
86374 92146
10
96663 79160
60642 81946
757 93587
3280 56064
13261 57399
77945 98315
44204 74196
20566 71188
69959 12599
53283 72173
10
73644 11680
71512 59769
33166 10998
5582 25619
87772 29782
17764 22260
8941 78406
42032 47526
9818 45312
3589 60906
10
40537 19360
97047 84742
31383 17612
93756 1341
30212 84865
11340 41682
96546 20678
1450 67538
31676 7032
93157 57274
